0 0.0
1 0.002065624776544316
2 0.00516406194136079
3 0.00922547106779389
4 0.012910154853401974
5 0.017385398981324282
6 0.023063677669484722
7 0.027814113056270538
8 0.03227538713350493
9 0.03768507279536643
10 0.043463497453310705
11 0.05035446998069344
12 0.057659194173711806
13 0.0652393748659266
14 0.06953528264067635
15 0.07443123938879458
16 0.08068846783376234
17 0.08661104367721986
18 0.09421268198841608
19 0.10314362491955598
20 0.10865874363327675
21 0.11596662620633193
22 0.1258861749517336
23 0.13357997572379918
24 0.1441479854342795
25 0.16000000000000003
26 0.16309843716481648
27 0.1677460929120412
28 0.17383820660169086
29 0.17936523228010298
30 0.18607809847198645
31 0.1945955165042271
32 0.20172116958440584
33 0.2084130807002574
34 0.21652760919304967
35 0.22519524617996606
36 0.23553170497104017
37 0.24648879126056772
38 0.2578590622988899
39 0.2643029239610145
40 0.27164685908319186
41 0.2810327017506435
42 0.2899165655158298
43 0.30131902298262414
44 0.31471543737933394
45 0.3229881154499151
46 0.3339499393094979
47 0.3488292624276004
48 0.3603699635856987
49 0.3762219781514193
50 0.4
51 0.40309843716481647
52 0.4077460929120412
53 0.41383820660169085
54 0.419365232280103
55 0.42607809847198647
56 0.4345955165042271
57 0.4417211695844058
58 0.4484130807002574
59 0.4565276091930497
60 0.46519524617996605
61 0.4755317049710402
62 0.4864887912605677
63 0.49785906229888993
64 0.5043029239610145
65 0.5116468590831919
66 0.5210327017506435
67 0.5299165655158298
68 0.5413190229826241
69 0.5547154373793339
70 0.5629881154499151
71 0.5739499393094979
72 0.5888292624276004
73 0.6003699635856987
74 0.6162219781514192
75 0.64
76 0.6446476557472247
77 0.6516191393680618
78 0.6607573099025362
79 0.6690478484201544
80 0.6791171477079797
81 0.6918932747563407
82 0.7025817543766087
83 0.7126196210503861
84 0.7247914137895745
85 0.7377928692699491
86 0.7532975574565602
87 0.7697331868908516
88 0.7867885934483348
89 0.7964543859415217
90 0.8074702886247878
91 0.8215490526259652
92 0.8348748482737447
93 0.8519785344739361
94 0.8720731560690009
95 0.8844821731748727
96 0.9009249089642468
97 0.9232438936414006
98 0.9405549453785481
99 0.9643329672271289
