0 0.0
1 1.0
2 2.0
3 3.0
4 4.0
5 5.0
6 6.0
7 7.0
8 8.0
9 9.0
10 10.0
11 11.0
12 12.0
13 12.0
14 11.0
15 10.0
16 9.0
17 8.0
18 7.0
19 6.0
20 5.0
21 4.0
22 3.0
23 2.0
24 1.0
25 25.0
26 1.0
27 2.0
28 3.0
29 4.0
30 5.0
31 6.0
32 7.0
33 8.0
34 9.0
35 10.0
36 11.0
37 12.0
38 12.0
39 11.0
40 10.0
41 9.0
42 8.0
43 7.0
44 6.0
45 5.0
46 4.0
47 3.0
48 2.0
49 1.0
50 50.0
51 1.0
52 2.0
53 3.0
54 4.0
55 5.0
56 6.0
57 7.0
58 8.0
59 9.0
60 10.0
61 11.0
62 12.0
63 12.0
64 11.0
65 10.0
66 9.0
67 8.0
68 7.0
69 6.0
70 5.0
71 4.0
72 3.0
73 2.0
74 1.0
75 25.0
76 1.0
77 2.0
78 3.0
79 4.0
80 5.0
81 6.0
82 7.0
83 8.0
84 9.0
85 10.0
86 11.0
87 12.0
88 12.0
89 11.0
90 10.0
91 9.0
92 8.0
93 7.0
94 6.0
95 5.0
96 4.0
97 3.0
98 2.0
99 1.0
100 0.0
